
377907.12
377908.15
377905.62
377906.90
377904.81
377899.28
377896.84
377890.15
377889.46
377922.31
377919.56
377918.03
377915.75
377913.96
377913.75
377913.62
377916.71
377918.37
377918.28
377918.12
377916.15
377913.28
377909.15
377969.62
377926.84
377915.78
377911.00
377907.50
377903.09
377934.93
377926.25
377917.87
377916.43
377913.87
377912.90
377912.28
377909.34
377906.87
377906.87
377905.21
377903.65
377905.15
377902.93
377901.65
377919.06
377945.71
377933.31
377927.12
377925.31
377923.84
377928.34
377945.25
377953.15
377959.84
377933.46
377927.75
377929.06
377935.78
377936.78
377932.96
377930.50
377925.68
377922.84
377923.81
377925.03
377926.28
377929.75
377929.84
377928.84
377926.68
377923.31
377919.81
377916.65
377915.12
377913.25
377913.50
377913.68
377916.53
377922.34
377932.37
377937.28
377933.09
377931.09
377927.06
377926.31
377926.71
377928.03
377929.65
377924.62
377911.78
377901.68
377872.81
377813.71
377796.84
377937.90
377850.21
377965.37
377932.03
377910.87
377893.75
377879.50
377903.53
377913.50
377922.68
377924.34
377928.59
377929.90
377933.62
377935.00
377939.84
377943.18
377952.71
377946.31
377937.81
377944.25
377950.31
377957.28
377964.25
377972.75
377965.00
377939.65
377926.31
377914.15
377911.68
377909.21
377912.65
377914.46
377933.87
377948.78
377951.96
377954.84
377950.09
377950.65
377951.46
377953.43
377954.78
377955.03
377956.21
377961.90
377980.62
378000.71
377972.65
377915.71
377906.68
377904.28
377904.00
377904.78
377905.46
377906.31
377911.28
377923.46
377929.18
377935.75
377957.21
377968.81
377943.15
377934.06
377932.12
377938.46
377953.87
377957.62
377946.46
377935.46
377925.03
377922.15
377920.18
377921.37
377925.03
377928.65
377930.18
377936.28
377944.00
377975.84
377931.15
377836.75
377844.43
377882.15
377896.43
377899.12
377894.84
377892.00
377887.81
377873.46
377914.53
377946.12

