3.20
3.20
3.20
3.20
3.45
3.67
3.86
3.86
3.67
3.45
3.20
3.20
3.20
3.45
3.45
3.67
3.86
4.03
4.03
4.17
4.17
4.17
4.17
4.29
4.29
4.17
4.17
4.17
4.17
4.03
3.86
3.67
3.45
3.45
3.45
3.45
3.45
3.67
3.67
3.86
3.86
3.86
4.03
4.03
4.03
4.17
4.17
4.17
4.17
4.17
4.03
4.03
4.03
3.86
3.86
4.03
3.67
3.86
3.86
3.86
3.86
3.86
4.03
4.03
4.03
4.03
4.17
4.17
4.17
4.17
4.17
4.03
4.03
4.03
4.03
3.86
3.86
3.86
3.86
3.86
3.86
3.86
3.86
3.86
3.86
3.86
3.86
3.86
4.03
3.86
3.86
4.03
4.03
4.03
3.86
4.03
3.86
4.03
4.03
3.86
3.86
3.86
3.86
3.86
3.86
3.86
3.86
3.86
3.86
3.86
3.86
3.86
3.86
3.86
3.86
3.86
3.86
4.03
3.86
4.03
4.03
3.86
4.03
3.86
3.86
3.86
4.03
3.86
3.86
3.86
3.86
3.86
3.86
3.86
3.86
4.03
3.86
3.86
3.86
3.86
3.86
4.03
4.03
3.86
4.03
3.86
3.86
3.86
3.86
4.03
3.86
3.86
3.86
3.86
3.86
3.86
3.86
3.86
3.86
3.86
3.86
3.86
4.03
3.86
3.86
3.86
3.86
3.86
3.86
3.86
3.86
3.67
3.67
3.67
3.67
3.67
3.67
3.67
3.67
3.67
3.86
3.67
3.86
3.86
3.86
3.86
3.86
3.86
3.86
3.86
3.86
3.86
3.86
3.86
3.86
3.86
3.86
3.86
3.86
3.86
3.86
3.86
3.86
3.86
3.86
3.86
3.86
3.86
3.86
3.86
3.86
3.86
3.86
3.86
3.86
3.86
3.86
3.86
3.86
3.86
3.86
3.86
3.86
3.86
3.86
3.86
3.86
3.86
3.86
3.86
3.86
3.86
3.86
3.86
3.86
3.86
3.86
3.86
3.86
3.86
3.86
3.86
4.03
3.67
3.86
3.86
3.86
3.86
3.67
3.67
3.67
3.86
3.86
3.86
3.86
3.86
3.86
3.86
3.86
3.86
3.86
3.86
3.86
3.86
3.86
3.86
3.86
3.67
3.67
3.67
3.67
3.67
3.86
3.86
3.86
3.86
4.03
3.86
3.86
3.86
3.86
3.86
3.86
3.67
3.67
3.67
3.67
3.67
3.67
3.67
3.45
3.67
3.67
3.67
3.67
3.67
3.67
3.67
3.67
3.67
3.67
3.67
3.67
3.67
3.67
3.67
3.45
3.45
3.45
3.45
3.45
3.45
3.45
3.45
3.45
3.45
3.67
3.45
3.67
3.67
3.67
3.67
3.67
3.67
3.67
3.86
3.67
3.67
3.67
3.67
3.67
3.67
3.67
3.67
3.67
3.67
3.67
3.67
3.67
3.67
3.67
3.67
3.67
3.67
3.67
3.67
3.67
3.67
3.67
3.67
3.45
3.45
3.45
3.45
3.45
3.45
3.45
3.45
3.45
3.45
3.45
3.45
3.45
3.45
3.45
3.45
3.45
3.45
3.20
3.20
3.20
3.20
3.20
3.20
3.20
3.45
3.45
3.45
3.45
3.45
3.45
3.45
3.45
3.45
3.45
3.45
3.45
3.20
3.20
3.20
3.20
2.93
2.93
2.93
3.20
3.45
3.45
3.86
4.03
4.17
4.17
4.17
4.17
4.17
4.17
4.03
4.03
3.86
3.86
3.67
3.86
4.03
4.17
4.17
4.17
3.86
3.20
2.29
1.53
1.93
2.62
3.20
3.45
3.86
3.86
3.86
4.03
4.03
3.86
3.67
3.67
3.67
3.20
2.62
2.29
2.93
2.93
3.20
3.20
3.20
2.93
3.20
3.45
3.45
3.67
3.67
3.45
3.45
3.20
3.20
3.20
3.20
3.20

